capital_a#[0, 0, 0, 0, 0, 255, 0, 0, 255, 255, 255, 255, 255, 255, 255, 255, 0, 0, 255, 255, 255, 255, 0, 0, 0, 0, 255, 255, 255, 255, 0, 0, 0, 0, 0, 255]
capital_b#[255, 255, 255, 255, 255, 255, 255, 255, 255, 255, 255, 255, 255, 0, 255, 255, 0, 255, 255, 0, 255, 255, 0, 255, 255, 255, 255, 255, 255, 255, 0, 0, 0, 0, 0, 0]
capital_c#[0, 0, 255, 255, 255, 0, 255, 255, 255, 255, 255, 255, 255, 0, 0, 0, 0, 255, 255, 0, 0, 0, 0, 255, 255, 255, 0, 0, 255, 255, 0, 255, 0, 0, 255, 0]
capital_d#[255, 255, 255, 255, 255, 255, 255, 255, 255, 255, 255, 255, 255, 0, 0, 0, 0, 255, 255, 0, 0, 0, 0, 255, 255, 255, 255, 255, 255, 255, 0, 0, 255, 255, 0, 0]
capital_e#[0, 0, 0, 0, 0, 0, 255, 255, 255, 255, 255, 255, 255, 0, 255, 255, 0, 255, 255, 0, 255, 255, 0, 255, 255, 0, 255, 0, 0, 255, 0, 0, 0, 0, 0, 0]
capital_f#[0, 0, 0, 0, 0, 0, 255, 255, 255, 255, 255, 255, 255, 0, 255, 255, 0, 0, 255, 0, 255, 255, 0, 0, 255, 0, 0, 0, 0, 0, 0, 0, 0, 0, 0, 0]
capital_g#[0, 255, 255, 255, 255, 0, 255, 255, 0, 0, 255, 255, 255, 0, 0, 0, 0, 255, 255, 0, 0, 255, 0, 255, 255, 255, 0, 255, 0, 255, 0, 255, 0, 255, 255, 0]
capital_h#[255, 255, 255, 255, 255, 255, 255, 255, 255, 255, 255, 255, 0, 0, 255, 0, 0, 0, 0, 0, 255, 0, 0, 0, 255, 255, 255, 255, 255, 255, 255, 255, 255, 255, 255, 255]
capital_j#[0, 0, 0, 0, 0, 0, 0, 0, 0, 0, 255, 0, 0, 0, 0, 0, 0, 255, 0, 0, 0, 0, 0, 255, 255, 255, 255, 255, 255, 0, 0, 0, 0, 0, 0, 0]
capital_k#[255, 255, 255, 255, 255, 255, 255, 255, 255, 255, 255, 255, 0, 0, 255, 255, 0, 0, 0, 255, 0, 255, 255, 0, 255, 0, 0, 0, 255, 255, 0, 0, 0, 0, 0, 0]
capital_l#[0, 0, 0, 0, 0, 0, 255, 255, 255, 255, 255, 255, 0, 0, 0, 0, 0, 255, 0, 0, 0, 0, 0, 255, 0, 0, 0, 0, 0, 255, 0, 0, 0, 0, 0, 0]
capital_m#[255, 255, 255, 255, 255, 255, 255, 255, 255, 0, 0, 0, 0, 0, 0, 255, 255, 255, 0, 0, 0, 255, 255, 255, 255, 255, 255, 255, 0, 0, 255, 255, 255, 255, 255, 255]
capital_n#[255, 255, 255, 255, 255, 255, 255, 255, 255, 255, 255, 255, 0, 255, 255, 0, 0, 0, 0, 0, 0, 255, 255, 0, 255, 255, 255, 255, 255, 255, 255, 255, 255, 255, 255, 255]
capital_o#[0, 255, 255, 255, 255, 0, 255, 255, 0, 0, 255, 255, 255, 0, 0, 0, 0, 255, 255, 0, 0, 0, 0, 255, 255, 255, 0, 0, 255, 255, 0, 255, 255, 255, 255, 0]
capital_p#[255, 255, 255, 255, 255, 255, 255, 255, 255, 255, 255, 255, 255, 0, 0, 255, 0, 0, 255, 0, 0, 255, 0, 0, 255, 255, 255, 255, 0, 0, 0, 0, 0, 0, 0, 0]
capital_q#[0, 255, 255, 255, 0, 0, 255, 255, 0, 0, 255, 0, 255, 0, 0, 0, 0, 255, 255, 0, 0, 0, 255, 255, 255, 255, 0, 0, 255, 255, 0, 255, 255, 255, 0, 255]
capital_r#[255, 255, 255, 255, 255, 255, 255, 0, 255, 255, 0, 0, 255, 0, 255, 255, 0, 0, 255, 0, 255, 255, 255, 0, 255, 255, 255, 0, 255, 255, 0, 0, 0, 0, 0, 255]
capital_s#[0, 0, 0, 0, 0, 0, 255, 255, 255, 0, 255, 255, 255, 0, 255, 0, 0, 255, 255, 0, 255, 255, 0, 255, 255, 255, 0, 255, 255, 255, 0, 0, 0, 0, 0, 0]
capital_t#[255, 0, 0, 0, 0, 0, 255, 0, 0, 0, 0, 0, 255, 255, 255, 255, 255, 255, 255, 255, 255, 255, 255, 255, 255, 0, 0, 0, 0, 0, 255, 0, 0, 0, 0, 0]
capital_u#[255, 255, 255, 255, 0, 0, 255, 255, 255, 255, 255, 255, 0, 0, 0, 0, 0, 255, 0, 0, 0, 0, 0, 255, 255, 255, 255, 255, 255, 255, 255, 255, 255, 255, 0, 0]
capital_v#[255, 0, 0, 0, 0, 0, 255, 255, 255, 255, 0, 0, 0, 0, 0, 255, 255, 255, 0, 0, 0, 255, 255, 255, 255, 255, 255, 255, 0, 0, 255, 0, 0, 0, 0, 0]
capital_w#[0, 255, 255, 0, 0, 0, 0, 0, 0, 255, 255, 255, 0, 255, 255, 255, 0, 0, 0, 255, 255, 255, 0, 0, 0, 0, 0, 255, 255, 255, 0, 255, 255, 255, 0, 0]
capital_x#[0, 0, 0, 0, 0, 255, 255, 255, 0, 0, 255, 255, 0, 255, 255, 255, 255, 0, 0, 255, 255, 255, 255, 0, 255, 255, 0, 0, 255, 255, 0, 0, 0, 0, 0, 255]
capital_y#[255, 0, 0, 0, 0, 0, 255, 255, 0, 0, 0, 0, 0, 0, 255, 255, 255, 255, 0, 0, 255, 255, 255, 255, 255, 255, 0, 0, 0, 0, 255, 0, 0, 0, 0, 0]
capital_z#[0, 0, 0, 0, 0, 255, 255, 0, 0, 0, 255, 255, 255, 0, 0, 255, 255, 255, 255, 255, 255, 0, 0, 255, 255, 255, 0, 0, 0, 255, 255, 0, 0, 0, 0, 255]
common_dot1#[255, 255, 255, 255, 255, 255, 255, 255, 255, 255, 255, 255, 255, 255, 255, 255, 255, 255, 255, 255, 255, 255, 255, 255, 255, 255, 255, 255, 255, 255, 255, 255, 255, 255, 255, 255]
common_dot2#[255, 255, 255, 255, 255, 255, 255, 255, 255, 255, 255, 255, 255, 255, 255, 255, 255, 255, 255, 255, 255, 255, 255, 255, 255, 255, 255, 255, 255, 255, 255, 255, 255, 255, 255, 255]
common_dot3#[255, 255, 255, 255, 255, 255, 255, 255, 255, 255, 255, 255, 255, 255, 255, 255, 255, 255, 255, 255, 255, 255, 255, 255, 255, 255, 255, 255, 255, 255, 255, 255, 255, 255, 255, 255]
common_vline1#[0, 0, 0, 0, 0, 0, 0, 0, 0, 0, 0, 0, 255, 255, 255, 255, 255, 255, 255, 255, 255, 255, 255, 255, 0, 0, 0, 0, 0, 0, 0, 0, 0, 0, 0, 0]
common_vline2#[0, 0, 0, 0, 0, 0, 0, 0, 0, 0, 0, 0, 255, 255, 255, 255, 255, 255, 255, 255, 255, 255, 255, 255, 0, 0, 0, 0, 0, 0, 0, 0, 0, 0, 0, 0]
common_vline3#[0, 0, 0, 0, 0, 0, 0, 0, 0, 0, 0, 0, 255, 255, 255, 255, 255, 255, 255, 255, 255, 255, 255, 255, 0, 0, 0, 0, 0, 0, 0, 0, 0, 0, 0, 0]
common_vline4#[0, 0, 0, 0, 0, 0, 0, 0, 0, 0, 0, 0, 255, 255, 255, 255, 255, 255, 255, 255, 255, 255, 255, 255, 0, 0, 0, 0, 0, 0, 0, 0, 0, 0, 0, 0]
lower_a#[0, 255, 0, 255, 255, 0, 255, 255, 0, 255, 255, 255, 255, 0, 255, 255, 0, 255, 255, 0, 255, 0, 0, 255, 255, 255, 255, 255, 255, 255, 0, 255, 255, 255, 255, 255]
lower_b#[0, 0, 0, 0, 0, 0, 255, 255, 255, 255, 255, 255, 0, 255, 255, 0, 0, 255, 0, 255, 255, 0, 0, 255, 0, 0, 255, 255, 255, 255, 0, 0, 0, 0, 0, 0]
lower_c#[0, 0, 255, 255, 0, 0, 255, 255, 255, 255, 255, 255, 255, 0, 0, 0, 0, 255, 255, 0, 0, 0, 0, 255, 255, 255, 0, 0, 255, 255, 0, 255, 0, 0, 255, 0]
lower_d#[0, 0, 0, 0, 0, 0, 0, 0, 255, 255, 255, 0, 0, 255, 255, 0, 0, 255, 0, 255, 255, 0, 0, 255, 255, 255, 255, 255, 255, 255, 0, 0, 0, 0, 0, 0]
lower_e#[0, 0, 255, 255, 255, 0, 255, 255, 255, 255, 255, 255, 255, 0, 255, 255, 0, 255, 255, 0, 255, 255, 0, 255, 255, 255, 255, 255, 255, 255, 0, 255, 255, 0, 255, 0]
lower_f#[0, 0, 0, 0, 0, 0, 0, 0, 0, 0, 0, 0, 255, 255, 255, 255, 255, 255, 255, 255, 255, 0, 0, 0, 0, 0, 0, 0, 0, 0, 0, 0, 0, 0, 0, 0]
lower_g#[0, 0, 0, 0, 0, 0, 255, 255, 255, 255, 0, 255, 255, 0, 0, 255, 0, 255, 255, 0, 0, 255, 0, 255, 255, 255, 255, 255, 255, 255, 0, 0, 0, 0, 0, 0]
lower_h#[0, 0, 0, 0, 0, 0, 255, 255, 255, 255, 255, 255, 0, 0, 255, 0, 0, 0, 0, 255, 255, 0, 0, 0, 0, 0, 255, 255, 255, 255, 0, 0, 0, 0, 0, 0]
lower_j#[0, 0, 0, 0, 0, 0, 0, 0, 0, 0, 0, 0, 0, 0, 0, 0, 0, 255, 255, 255, 255, 255, 255, 255, 0, 0, 0, 0, 0, 0, 0, 0, 0, 0, 0, 0]
lower_k#[0, 0, 0, 0, 0, 0, 255, 255, 255, 255, 255, 255, 0, 0, 0, 255, 0, 0, 0, 0, 255, 0, 255, 255, 0, 0, 0, 0, 0, 255, 0, 0, 0, 0, 0, 0]
lower_m#[0, 255, 255, 255, 255, 0, 0, 255, 0, 0, 0, 0, 0, 255, 255, 255, 255, 0, 0, 255, 255, 255, 255, 0, 0, 255, 0, 0, 0, 0, 0, 255, 255, 255, 255, 0]
lower_n#[255, 255, 255, 255, 255, 255, 255, 255, 255, 255, 255, 255, 255, 0, 0, 0, 0, 0, 255, 0, 0, 0, 0, 0, 255, 255, 255, 255, 255, 255, 0, 255, 255, 255, 255, 255]
lower_o#[0, 255, 255, 255, 255, 0, 255, 255, 255, 255, 255, 255, 255, 0, 0, 0, 0, 255, 255, 0, 0, 0, 0, 255, 255, 255, 255, 255, 255, 255, 0, 255, 255, 255, 255, 0]
lower_p#[0, 0, 0, 0, 0, 0, 255, 255, 255, 255, 255, 255, 255, 0, 0, 255, 255, 0, 255, 0, 0, 255, 255, 0, 255, 255, 255, 255, 0, 0, 0, 0, 0, 0, 0, 0]
lower_q#[0, 0, 0, 0, 0, 0, 0, 255, 255, 255, 0, 0, 255, 0, 0, 255, 255, 0, 255, 0, 0, 255, 255, 0, 255, 255, 255, 255, 255, 255, 0, 0, 0, 0, 0, 0]
lower_r#[0, 0, 0, 0, 0, 0, 255, 255, 255, 255, 255, 255, 255, 255, 255, 255, 255, 255, 255, 0, 0, 0, 0, 0, 255, 0, 0, 0, 0, 0, 0, 0, 0, 0, 0, 0]
lower_s#[0, 0, 0, 0, 0, 0, 255, 255, 255, 0, 255, 255, 255, 0, 255, 255, 0, 255, 255, 0, 255, 255, 0, 255, 255, 255, 0, 255, 255, 255, 0, 0, 0, 0, 255, 0]
lower_t#[0, 0, 0, 0, 0, 0, 0, 0, 0, 0, 0, 0, 255, 255, 255, 255, 255, 255, 0, 255, 255, 0, 0, 255, 0, 0, 0, 0, 0, 0, 0, 0, 0, 0, 0, 0]
lower_u#[255, 255, 255, 255, 255, 0, 255, 255, 255, 255, 255, 255, 0, 0, 0, 0, 0, 255, 0, 0, 0, 0, 0, 255, 255, 255, 255, 255, 255, 255, 255, 255, 255, 255, 255, 255]
lower_v#[255, 0, 0, 0, 0, 0, 255, 255, 255, 255, 0, 0, 0, 0, 0, 255, 255, 255, 0, 0, 0, 255, 255, 255, 255, 255, 255, 255, 0, 0, 255, 0, 0, 0, 0, 0]
lower_w#[0, 255, 255, 0, 0, 0, 0, 0, 255, 255, 255, 0, 0, 255, 255, 255, 255, 0, 0, 255, 255, 255, 255, 0, 0, 0, 0, 255, 255, 0, 0, 255, 255, 0, 0, 0]
lower_x#[255, 0, 0, 0, 0, 255, 255, 255, 0, 0, 255, 255, 0, 255, 255, 255, 255, 0, 0, 255, 255, 255, 255, 0, 255, 255, 0, 0, 255, 255, 255, 0, 0, 0, 0, 255]
lower_y#[0, 0, 0, 0, 0, 0, 255, 255, 0, 0, 0, 255, 0, 255, 255, 255, 255, 255, 0, 255, 255, 255, 255, 0, 255, 255, 0, 0, 0, 0, 0, 0, 0, 0, 0, 0]
lower_z#[255, 0, 0, 0, 0, 255, 255, 0, 0, 0, 255, 255, 255, 0, 255, 255, 255, 255, 255, 255, 255, 0, 0, 255, 255, 255, 0, 0, 0, 255, 255, 0, 0, 0, 0, 255]
number_0#[0, 0, 0, 0, 0, 0, 0, 255, 255, 255, 255, 0, 255, 0, 0, 0, 0, 255, 255, 0, 0, 0, 0, 255, 0, 255, 255, 255, 255, 0, 0, 0, 0, 0, 0, 0]
number_1#[0, 0, 0, 0, 0, 0, 0, 0, 0, 0, 0, 0, 0, 255, 0, 0, 0, 0, 255, 255, 255, 255, 255, 255, 0, 0, 0, 0, 0, 0, 0, 0, 0, 0, 0, 0]
number_2#[0, 0, 0, 0, 0, 0, 0, 255, 0, 0, 0, 255, 255, 0, 0, 0, 255, 255, 255, 0, 0, 255, 0, 255, 255, 255, 255, 0, 0, 255, 0, 0, 0, 0, 0, 0]
number_3#[0, 0, 0, 0, 0, 0, 255, 255, 0, 0, 255, 255, 255, 0, 0, 0, 0, 255, 255, 0, 255, 0, 0, 255, 0, 255, 255, 255, 255, 255, 0, 0, 0, 0, 0, 0]
number_4#[0, 0, 0, 0, 0, 0, 0, 0, 0, 255, 255, 0, 0, 255, 255, 0, 255, 0, 255, 255, 255, 255, 255, 255, 255, 255, 255, 255, 255, 255, 0, 0, 0, 0, 0, 0]
number_5#[0, 0, 0, 0, 0, 0, 255, 255, 255, 0, 255, 255, 255, 0, 255, 0, 0, 255, 255, 0, 255, 0, 0, 255, 255, 0, 255, 255, 255, 255, 0, 0, 0, 0, 0, 0]
number_6#[0, 0, 0, 0, 0, 0, 0, 255, 255, 255, 255, 0, 255, 0, 255, 0, 0, 255, 255, 0, 255, 0, 0, 255, 255, 255, 255, 255, 255, 255, 0, 0, 0, 0, 0, 0]
number_7#[0, 0, 0, 0, 0, 0, 255, 0, 0, 0, 0, 0, 255, 0, 0, 255, 255, 255, 255, 255, 255, 255, 0, 0, 255, 255, 0, 0, 0, 0, 0, 0, 0, 0, 0, 0]
number_8#[0, 0, 0, 0, 0, 0, 0, 255, 255, 255, 255, 255, 255, 0, 255, 0, 0, 255, 255, 0, 255, 0, 0, 255, 0, 255, 255, 255, 255, 255, 0, 0, 0, 0, 0, 0]
number_9#[0, 0, 0, 0, 0, 0, 255, 255, 255, 255, 255, 255, 255, 0, 0, 255, 0, 255, 255, 0, 0, 255, 0, 255, 0, 255, 255, 255, 255, 0, 0, 0, 0, 0, 0, 0]
sign_divide#[0, 0, 0, 0, 0, 0, 0, 0, 0, 0, 0, 0, 0, 0, 0, 255, 255, 255, 255, 255, 255, 0, 0, 0, 0, 0, 0, 0, 0, 0, 0, 0, 0, 0, 0, 0]
sign_minus#[0, 0, 255, 255, 0, 0, 0, 0, 255, 255, 0, 0, 0, 0, 255, 255, 0, 0, 0, 0, 255, 255, 0, 0, 0, 0, 255, 255, 0, 0, 0, 0, 255, 255, 0, 0]
sign_multiply#[0, 255, 255, 0, 0, 0, 0, 0, 255, 0, 255, 255, 255, 255, 255, 255, 255, 0, 255, 255, 255, 255, 255, 0, 0, 0, 255, 255, 255, 255, 0, 255, 255, 0, 0, 0]
sign_plus#[0, 0, 255, 255, 0, 0, 0, 0, 255, 255, 0, 0, 255, 255, 255, 255, 255, 255, 255, 255, 255, 255, 255, 255, 0, 0, 255, 255, 0, 0, 0, 0, 255, 255, 0, 0]